getldsscan
AngleInDegrees,DistInMM,Intensity,ErrorCodeHEX
0,0,0,8035
1,0,0,8035
2,0,0,8035
3,0,0,8035
4,0,0,8035
5,0,0,8035
6,0,0,8003
7,4294,8,0
8,4349,8,0
9,4342,7,0
10,0,0,8035
11,0,0,8035
12,0,0,8035
13,0,0,8035
14,0,0,8003
15,0,0,8035
16,0,0,8035
17,0,0,8035
18,730,41,0
19,0,0,8003
20,649,177,0
21,640,269,0
22,634,342,0
23,630,365,0
24,628,412,0
25,625,387,0
26,619,382,0
27,619,235,0
28,619,253,0
29,617,259,0
30,616,265,0
31,614,252,0
32,614,243,0
33,616,213,0
34,619,175,0
35,625,121,0
36,760,170,0
37,806,123,0
38,893,65,0
39,1078,70,0
40,2180,28,0
41,2050,299,0
42,2005,314,0
43,1975,313,0
44,1932,379,0
45,1909,378,0
46,0,0,8035
47,1915,43,0
48,1883,47,0
49,1876,49,0
50,1836,54,0
51,1817,18,0
52,1785,60,0
53,1763,29,0
54,1747,30,0
55,1718,13,0
56,1693,29,0
57,1548,9,0
58,0,0,8035
59,1625,52,0
60,1559,6,0
61,0,0,8035
62,0,0,8035
63,0,0,8035
64,0,0,8035
65,0,0,8003
66,0,0,8035
67,1582,7,0
68,1537,32,0
69,1515,56,0
70,1501,80,0
71,1491,92,0
72,1484,107,0
73,1476,108,0
74,1467,113,0
75,1464,117,0
76,1455,125,0
77,1448,104,0
78,1438,80,0
79,1396,9,0
80,1434,117,0
81,1429,125,0
82,1426,120,0
83,0,0,8035
84,1104,19,0
85,0,0,8035
86,0,0,8035
87,1420,52,0
88,0,0,8035
89,1403,7,0
90,0,0,8035
91,0,0,8035
92,0,0,8035
93,0,0,8035
94,0,0,8035
95,0,0,8003
96,0,0,8035
97,247,556,0
98,0,556,8021
99,0,0,8035
100,0,0,8035
101,0,0,8035
102,0,0,8035
103,0,0,8003
104,16592,49,0
105,0,0,8035
106,0,0,8003
107,530,84,0
108,503,151,0
109,476,186,0
110,453,183,0
111,433,214,0
112,413,246,0
113,397,274,0
114,381,268,0
115,366,304,0
116,353,332,0
117,340,378,0
118,329,378,0
119,318,391,0
120,309,454,0
121,300,469,0
122,291,436,0
123,16673,80,0
124,0,0,8035
125,0,0,8035
126,0,0,8035
127,0,0,8035
128,0,0,8035
129,0,0,8003
130,0,0,8035
131,0,0,8035
132,0,0,8035
133,0,0,8035
134,0,0,8035
135,0,0,8003
136,0,0,8035
137,0,0,8035
138,0,0,8035
139,0,0,8035
140,0,0,8035
141,0,0,8003
142,0,0,8035
143,0,0,8035
144,0,0,8035
145,0,0,8035
146,0,0,8035
147,0,0,8035
148,0,0,8035
149,0,0,8003
150,0,0,8035
151,0,0,8035
152,0,0,8035
153,0,0,8035
154,0,0,8035
155,0,0,8003
156,0,0,8035
157,0,0,8035
158,0,0,8035
159,0,0,8035
160,0,0,8035
161,0,0,8003
162,0,0,8035
163,0,0,8035
164,0,0,8035
165,0,0,8035
166,0,0,8035
167,0,0,8003
168,0,0,8035
169,0,0,8035
170,0,0,8035
171,0,0,8035
172,0,0,8035
173,0,0,8035
174,0,0,8035
175,0,0,8035
176,0,0,8035
177,0,0,8035
178,0,0,8035
179,0,0,8035
180,0,0,8003
181,0,0,8035
182,0,0,8035
183,0,0,8035
184,0,0,8035
185,0,0,8035
186,0,0,8035
187,0,0,8035
188,0,0,8035
189,0,0,8035
190,0,0,8003
191,0,0,8035
192,0,0,8035
193,0,0,8035
194,0,0,8021
195,0,0,8035
196,0,0,8035
197,0,0,8035
198,0,0,8035
199,0,0,8035
200,0,0,8035
201,0,0,8003
202,0,0,8035
203,0,0,8035
204,0,0,8035
205,0,0,8035
206,0,0,8035
207,0,0,8035
208,0,0,8003
209,0,0,8035
210,0,0,8035
211,0,0,8035
212,0,0,8035
213,0,0,8035
214,0,0,8035
215,0,0,8003
216,0,0,8035
217,0,0,8035
218,0,0,8035
219,0,0,8035
220,0,0,8035
221,0,0,8035
222,0,0,8035
223,0,0,8035
224,0,0,8035
225,0,0,8035
226,0,0,8003
227,0,0,8035
228,0,0,8035
229,0,0,8035
230,0,0,8035
231,0,0,8035
232,0,0,8035
233,0,0,8035
234,0,0,8003
235,0,0,8035
236,0,0,8035
237,0,0,8035
238,0,0,8035
239,0,0,8035
240,0,0,8035
241,0,0,8035
242,0,0,8003
243,0,0,8003
244,0,0,8035
245,0,0,8035
246,0,0,8035
247,0,0,8035
248,0,0,8035
249,0,0,8035
250,0,0,8003
251,0,0,8035
252,0,0,8035
253,0,0,8035
254,0,0,8035
255,0,0,8035
256,0,0,8035
257,0,0,8035
258,0,0,8003
259,0,0,8035
260,0,0,8035
261,0,0,8035
262,0,0,8035
263,0,0,8035
264,0,0,8035
265,16597,114,0
266,0,114,8021
267,213,459,0
268,213,1333,0
269,212,1454,0
270,212,303,0
271,0,0,8035
272,357,458,0
273,16743,83,0
274,0,0,8035
275,2334,38,0
276,2331,46,0
277,2347,43,0
278,2341,43,0
279,2350,42,0
280,2355,46,0
281,2365,43,0
282,2360,39,0
283,2380,41,0
284,2397,45,0
285,2397,41,0
286,2425,34,0
287,2440,37,0
288,2440,34,0
289,2477,34,0
290,2487,34,0
291,2486,37,0
292,2523,31,0
293,2551,30,0
294,2545,20,0
295,2494,9,0
296,0,0,8035
297,0,0,8035
298,0,0,8035
299,0,0,8035
300,0,0,8035
301,0,0,8035
302,0,0,8003
303,0,0,8035
304,2861,15,0
305,2888,20,0
306,2899,20,0
307,2862,18,0
308,3003,21,0
309,3052,15,0
310,3130,13,0
311,3097,12,0
312,3187,13,0
313,3233,15,0
314,0,15,8021
315,3310,15,0
316,3210,13,0
317,3150,14,0
318,3119,14,0
319,2993,16,0
320,3013,18,0
321,2971,16,0
322,2923,16,0
323,2879,23,0
324,0,0,8035
325,0,0,8035
326,0,0,8035
327,0,0,8035
328,0,0,8035
329,0,0,8003
330,4925,6,0
331,0,0,8035
332,0,0,8035
333,0,0,8035
334,0,0,8035
335,0,0,8035
336,0,0,8003
337,0,0,8035
338,0,0,8021
339,0,0,8035
340,0,0,8035
341,0,0,8035
342,0,0,8035
343,0,0,8003
344,0,0,8035
345,0,0,8035
346,0,0,8035
347,0,0,8035
348,0,0,8003
349,0,0,8035
350,0,0,8035
351,0,0,8035
352,0,0,8035
353,0,0,8003
354,0,0,8035
355,0,0,8035
356,0,0,8035
357,0,0,8035
358,0,0,8003
359,0,0,8035
ROTATION_SPEED,5.13
getldsscan
AngleInDegrees,DistInMM,Intensity,ErrorCodeHEX
0,0,0,8035
1,0,0,8035
2,0,0,8021
3,0,0,8035
4,0,0,8035
5,0,0,8035
6,0,0,8003
7,0,0,8035
8,4318,8,0
9,4290,7,0
10,0,0,8035
11,0,0,8035
12,0,0,8035
13,0,0,8035
14,0,0,8003
15,0,0,8035
16,0,0,8035
17,0,0,8035
18,0,0,8003
19,675,75,0
20,648,202,0
21,641,275,0
22,635,348,0
23,630,359,0
24,629,403,0
25,626,412,0
26,0,412,8021
27,619,247,0
28,619,241,0
29,617,253,0
30,615,247,0
31,614,238,0
32,614,242,0
33,615,210,0
34,617,182,0
35,622,139,0
36,0,0,8002
37,801,135,0
38,882,71,0
39,1072,114,0
40,2176,27,0
41,2044,277,0
42,2012,293,0
43,1986,259,0
44,1929,378,0
45,1905,369,0
46,0,0,8025
47,1924,46,0
48,1891,46,0
49,1870,51,0
50,1840,50,0
51,1835,16,0
52,1793,62,0
53,1772,29,0
54,1744,30,0
55,0,0,8035
56,1703,32,0
57,1531,9,0
58,0,0,8035
59,1626,47,0
60,0,0,8035
61,0,0,8035
62,0,0,8035
63,0,0,8035
64,0,0,8003
65,0,0,8035
66,0,0,8035
67,1584,7,0
68,0,0,8003
69,1516,61,0
70,1499,76,0
71,1491,97,0
72,1481,106,0
73,1473,106,0
74,1466,111,0
75,1460,108,0
76,1454,117,0
77,1447,103,0
78,1439,80,0
79,1400,12,0
80,1433,114,0
81,1430,130,0
82,1425,124,0
83,0,0,8035
84,1142,14,0
85,0,0,8035
86,0,0,8035
87,1423,28,0
88,0,0,8003
89,1397,15,0
90,0,0,8035
91,0,0,8035
92,0,0,8035
93,0,0,8035
94,0,0,8003
95,0,0,8035
96,0,0,8035
97,248,560,0
98,16633,80,0
99,0,0,8035
100,0,0,8035
101,0,0,8035
102,0,0,8035
103,0,0,8003
104,16591,54,0
105,0,0,8035
106,0,0,8003
107,528,89,0
108,501,130,0
109,476,180,0
110,452,191,0
111,431,211,0
112,413,245,0
113,396,266,0
114,380,300,0
115,365,306,0
116,352,330,0
117,340,365,0
118,329,404,0
119,318,381,0
120,309,439,0
121,299,474,0
122,0,474,8021
123,16673,86,0
124,0,0,8035
125,0,0,8035
126,0,0,8035
127,0,0,8035
128,0,0,8003
129,0,0,8035
130,0,0,8035
131,0,0,8035
132,0,0,8035
133,0,0,8003
134,0,0,8035
135,0,0,8035
136,0,0,8035
137,0,0,8035
138,0,0,8003
139,0,0,8035
140,0,0,8035
141,0,0,8035
142,0,0,8035
143,0,0,8003
144,0,0,8035
145,0,0,8035
146,0,0,8035
147,0,0,8035
148,0,0,8035
149,0,0,8035
150,0,0,8035
151,0,0,8035
152,0,0,8003
153,0,0,8035
154,0,0,8035
155,0,0,8035
156,0,0,8035
157,0,0,8035
158,0,0,8003
159,0,0,8035
160,0,0,8035
161,0,0,8035
162,0,0,8035
163,0,0,8035
164,0,0,8003
165,0,0,8035
166,0,0,8035
167,0,0,8035
168,0,0,8035
169,0,0,8035
170,0,0,8003
171,0,0,8035
172,0,0,8035
173,0,0,8035
174,0,0,8035
175,0,0,8035
176,0,0,8035
177,0,0,8035
178,0,0,8035
179,0,0,8035
180,0,0,8035
181,0,0,8003
182,0,0,8035
183,0,0,8035
184,0,0,8035
185,0,0,8035
186,0,0,8035
187,0,0,8035
188,0,0,8035
189,0,0,8035
190,0,0,8035
191,0,0,8003
192,0,0,8035
193,0,0,8035
194,0,0,8021
195,0,0,8035
196,0,0,8035
197,0,0,8035
198,0,0,8035
199,0,0,8035
200,0,0,8003
201,0,0,8035
202,0,0,8035
203,0,0,8035
204,0,0,8035
205,0,0,8035
206,0,0,8003
207,0,0,8035
208,0,0,8035
209,0,0,8035
210,0,0,8035
211,0,0,8035
212,0,0,8003
213,0,0,8035
214,0,0,8035
215,0,0,8035
216,0,0,8035
217,0,0,8035
218,0,0,8035
219,0,0,8035
220,0,0,8035
221,0,0,8035
222,0,0,8035
223,0,0,8035
224,0,0,8035
225,0,0,8003
226,0,0,8035
227,0,0,8035
228,0,0,8035
229,0,0,8035
230,0,0,8035
231,0,0,8035
232,0,0,8035
233,0,0,8003
234,0,0,8035
235,0,0,8035
236,0,0,8035
237,0,0,8035
238,0,0,8035
239,0,0,8035
240,0,0,8035
241,0,0,8003
242,0,0,8021
243,0,0,8003
244,0,0,8035
245,0,0,8035
246,0,0,8035
247,0,0,8035
248,0,0,8035
249,0,0,8003
250,0,0,8035
251,0,0,8035
252,0,0,8035
253,0,0,8035
254,0,0,8035
255,0,0,8003
256,0,0,8035
257,0,0,8035
258,0,0,8035
259,0,0,8035
260,0,0,8035
261,0,0,8003
262,0,0,8035
263,0,0,8035
264,0,0,8035
265,16597,104,0
266,0,0,8003
267,213,497,0
268,213,1346,0
269,212,1447,0
270,212,307,0
271,0,0,8035
272,357,368,0
273,16742,80,0
274,0,0,8035
275,2340,37,0
276,2331,40,0
277,2348,43,0
278,2352,43,0
279,2359,42,0
280,2371,47,0
281,2365,41,0
282,2377,39,0
283,2367,44,0
284,2401,38,0
285,2414,43,0
286,2416,35,0
287,2442,34,0
288,2436,32,0
289,2466,35,0
290,2484,34,0
291,2506,33,0
292,2519,34,0
293,2557,31,0
294,2550,22,0
295,2431,13,0
296,0,0,8035
297,0,0,8035
298,0,0,8035
299,0,0,8035
300,0,0,8035
301,0,0,8003
302,0,0,8035
303,0,0,8035
304,2875,11,0
305,2896,20,0
306,2887,19,0
307,2937,20,0
308,2979,20,0
309,2864,16,0
310,3074,14,0
311,2956,15,0
312,3225,13,0
313,3254,11,0
314,0,11,8021
315,3331,14,0
316,3256,14,0
317,3198,13,0
318,3121,15,0
319,3082,14,0
320,3024,18,0
321,2978,16,0
322,2956,17,0
323,2898,22,0
324,0,0,8035
325,0,0,8035
326,0,0,8035
327,0,0,8035
328,0,0,8003
329,0,0,8035
330,0,0,8035
331,0,0,8035
332,0,0,8035
333,0,0,8035
334,0,0,8003
335,4743,8,0
336,0,0,8035
337,0,0,8035
338,0,0,8021
339,0,0,8035
340,0,0,8035
341,0,0,8035
342,0,0,8035
343,0,0,8003
344,0,0,8035
345,0,0,8035
346,0,0,8035
347,0,0,8035
348,0,0,8003
349,0,0,8035
350,0,0,8035
351,0,0,8035
352,0,0,8035
353,0,0,8003
354,0,0,8035
355,0,0,8035
356,0,0,8035
357,0,0,8035
358,0,0,8003
359,0,0,8035
ROTATION_SPEED,5.13
getldsscan
AngleInDegrees,DistInMM,Intensity,ErrorCodeHEX
0,0,0,8035
1,0,0,8035
2,0,0,8021
3,0,0,8035
4,0,0,8035
5,0,0,8035
6,0,0,8003
7,0,0,8035
8,4353,8,0
9,0,0,8035
10,0,0,8035
11,0,0,8035
12,0,0,8003
13,0,0,8035
14,0,0,8035
15,0,0,8035
16,0,0,8035
17,0,0,8003
18,737,35,0
19,679,73,0
20,649,178,0
21,642,271,0
22,635,342,0
23,630,369,0
24,629,408,0
25,626,399,0
26,620,366,0
27,621,240,0
28,619,253,0
29,617,256,0
30,615,249,0
31,614,236,0
32,614,239,0
33,615,221,0
34,617,180,0
35,622,137,0
36,762,87,0
37,801,148,0
38,878,64,0
39,1076,81,0
40,2180,24,0
41,2044,325,0
42,2002,326,0
43,1972,297,0
44,1928,381,0
45,1903,374,0
46,0,0,8035
47,1935,46,0
48,1890,48,0
49,1861,53,0
50,1834,50,0
51,1814,15,0
52,1790,57,0
53,1788,28,0
54,1747,34,0
55,1687,10,0
56,1704,28,0
57,1534,9,0
58,0,0,8035
59,1616,59,0
60,1563,6,0
61,0,0,8035
62,0,0,8035
63,0,0,8035
64,0,0,8035
65,0,0,8003
66,0,0,8035
67,1581,8,0
68,1543,33,0
69,1511,62,0
70,1501,76,0
71,1491,95,0
72,1483,109,0
73,1471,116,0
74,1465,111,0
75,1460,117,0
76,1456,116,0
77,1447,107,0
78,1438,77,0
79,1411,12,0
80,1436,112,0
81,1434,131,0
82,1426,119,0
83,0,0,8035
84,1142,14,0
85,0,0,8035
86,0,0,8035
87,1424,42,0
88,0,0,8003
89,1394,12,0
90,0,0,8035
91,0,0,8035
92,0,0,8035
93,0,0,8035
94,0,0,8003
95,0,0,8035
96,0,0,8035
97,247,533,0
98,16633,76,0
99,0,0,8035
100,0,0,8035
101,0,0,8035
102,0,0,8035
103,0,0,8003
104,16591,55,0
105,0,0,8035
106,0,0,8003
107,528,93,0
108,501,132,0
109,476,178,0
110,452,184,0
111,431,217,0
112,413,246,0
113,395,273,0
114,380,280,0
115,365,304,0
116,351,326,0
117,339,370,0
118,329,397,0
119,318,417,0
120,308,438,0
121,299,482,0
122,0,482,8021
123,16673,87,0
124,0,0,8035
125,0,0,8035
126,0,0,8035
127,0,0,8003
128,0,0,8035
129,0,0,8035
130,0,0,8035
131,0,0,8003
132,0,0,8035
133,0,0,8035
134,0,0,8035
135,0,0,8003
136,0,0,8035
137,0,0,8035
138,0,0,8035
139,0,0,8003
140,0,0,8035
141,0,0,8035
142,0,0,8035
143,0,0,8003
144,0,0,8035
145,0,0,8035
146,0,0,8035
147,0,0,8035
148,0,0,8035
149,0,0,8035
150,0,0,8035
151,0,0,8035
152,0,0,8003
153,0,0,8035
154,0,0,8035
155,0,0,8035
156,0,0,8035
157,0,0,8035
158,0,0,8003
159,0,0,8035
160,0,0,8035
161,0,0,8035
162,0,0,8035
163,0,0,8035
164,0,0,8003
165,0,0,8035
166,0,0,8035
167,0,0,8035
168,0,0,8035
169,0,0,8035
170,0,0,8035
171,0,0,8035
172,0,0,8035
173,0,0,8035
174,0,0,8035
175,0,0,8035
176,0,0,8035
177,0,0,8003
178,0,0,8035
179,0,0,8035
180,0,0,8035
181,0,0,8035
182,0,0,8035
183,0,0,8035
184,0,0,8035
185,0,0,8003
186,0,0,8035
187,0,0,8035
188,0,0,8035
189,0,0,8035
190,0,0,8035
191,0,0,8035
192,0,0,8035
193,0,0,8003
194,0,0,8021
195,0,0,8035
196,0,0,8035
197,0,0,8035
198,0,0,8035
199,0,0,8003
200,0,0,8035
201,0,0,8035
202,0,0,8035
203,0,0,8035
204,0,0,8035
205,0,0,8003
206,0,0,8035
207,0,0,8035
208,0,0,8035
209,0,0,8035
210,0,0,8035
211,0,0,8003
212,0,0,8035
213,0,0,8035
214,0,0,8035
215,0,0,8035
216,0,0,8035
217,0,0,8003
218,0,0,8035
219,0,0,8035
220,0,0,8035
221,0,0,8035
222,0,0,8035
223,0,0,8035
224,0,0,8003
225,0,0,8035
226,0,0,8035
227,0,0,8035
228,0,0,8035
229,0,0,8035
230,0,0,8035
231,0,0,8003
232,0,0,8035
233,0,0,8035
234,0,0,8035
235,0,0,8035
236,0,0,8035
237,0,0,8035
238,0,0,8003
239,0,0,8035
240,0,0,8035
241,0,0,8035
242,0,0,8021
243,0,0,8003
244,0,0,8035
245,0,0,8035
246,0,0,8035
247,0,0,8035
248,0,0,8035
249,0,0,8003
250,0,0,8035
251,0,0,8035
252,0,0,8035
253,0,0,8035
254,0,0,8035
255,0,0,8003
256,0,0,8035
257,0,0,8035
258,0,0,8035
259,0,0,8035
260,0,0,8035
261,0,0,8003
262,0,0,8035
263,0,0,8035
264,0,0,8035
265,16597,101,0
266,213,207,0
267,213,460,0
268,213,1317,0
269,212,1434,0
270,212,299,0
271,0,0,8035
272,357,434,0
273,16742,88,0
274,0,0,8035
275,2341,40,0
276,2320,48,0
277,2336,45,0
278,2336,44,0
279,2353,42,0
280,2359,47,0
281,2368,44,0
282,2383,37,0
283,2366,40,0
284,2405,39,0
285,2417,42,0
286,2434,35,0
287,2430,39,0
288,2444,35,0
289,2471,33,0
290,2444,38,0
291,2510,36,0
292,2527,33,0
293,2558,30,0
294,2536,22,0
295,2500,10,0
296,0,0,8035
297,0,0,8035
298,0,0,8035
299,0,0,8035
300,0,0,8035
301,0,0,8003
302,0,0,8035
303,0,0,8035
304,2871,12,0
305,2873,19,0
306,2803,20,0
307,2807,22,0
308,2988,16,0
309,3048,15,0
310,3048,12,0
311,3146,14,0
312,3216,15,0
313,3241,10,0
314,3319,9,0
315,3204,14,0
316,3243,13,0
317,2984,14,0
318,2912,21,0
319,3028,16,0
320,2901,18,0
321,2963,18,0
322,2936,19,0
323,2916,21,0
324,0,0,8035
325,0,0,8035
326,0,0,8035
327,0,0,8035
328,0,0,8035
329,0,0,8035
330,0,0,8003
331,4885,9,0
332,0,0,8035
333,0,0,8035
334,0,0,8035
335,0,0,8035
336,0,0,8035
337,0,0,8035
338,0,0,8021
339,0,0,8035
340,0,0,8035
341,0,0,8035
342,0,0,8035
343,0,0,8003
344,0,0,8035
345,0,0,8035
346,0,0,8035
347,0,0,8035
348,0,0,8003
349,0,0,8035
350,0,0,8035
351,0,0,8035
352,0,0,8035
353,0,0,8035
354,0,0,8003
355,0,0,8035
356,0,0,8035
357,0,0,8035
358,0,0,8035
359,0,0,8003
ROTATION_SPEED,5.13
getldsscan
AngleInDegrees,DistInMM,Intensity,ErrorCodeHEX
0,0,0,8035
1,0,0,8035
2,0,0,8021
3,0,0,8035
4,0,0,8035
5,0,0,8035
6,0,0,8003
7,0,0,8035
8,4290,9,0
9,0,0,8035
10,0,0,8035
11,0,0,8035
12,0,0,8003
13,0,0,8035
14,0,0,8035
15,0,0,8035
16,0,0,8035
17,0,0,8003
18,731,42,0
19,675,67,0
20,649,188,0
21,640,294,0
22,635,333,0
23,630,355,0
24,628,412,0
25,626,395,0
26,620,378,0
27,621,252,0
28,618,245,0
29,617,249,0
30,615,246,0
31,614,241,0
32,614,238,0
33,615,219,0
34,618,178,0
35,622,144,0
36,762,108,0
37,802,140,0
38,883,70,0
39,1074,85,0
40,2177,25,0
41,2044,310,0
42,2002,329,0
43,1966,310,0
44,1928,383,0
45,1895,378,0
46,0,0,8035
47,1912,47,0
48,1889,48,0
49,1852,52,0
50,1837,55,0
51,1818,17,0
52,1791,60,0
53,1778,29,0
54,1746,32,0
55,1694,9,0
56,1688,32,0
57,1537,8,0
58,0,0,8035
59,1634,49,0
60,1560,6,0
61,0,0,8035
62,0,0,8035
63,0,0,8035
64,0,0,8003
65,0,0,8035
66,0,0,8035
67,1582,7,0
68,0,0,8003
69,1516,59,0
70,1499,74,0
71,1491,106,0
72,1483,110,0
73,1475,113,0
74,1466,109,0
75,1461,124,0
76,1456,118,0
77,1446,102,0
78,1439,78,0
79,1402,9,0
80,1434,118,0
81,1429,124,0
82,1426,120,0
83,0,0,8035
84,1145,13,0
85,0,0,8035
86,0,0,8035
87,1423,52,0
88,0,0,8003
89,1381,12,0
90,0,0,8035
91,0,0,8035
92,0,0,8035
93,0,0,8035
94,0,0,8003
95,0,0,8035
96,0,0,8035
97,247,561,0
98,16632,85,0
99,0,0,8035
100,0,0,8035
101,0,0,8035
102,0,0,8035
103,0,0,8003
104,16591,56,0
105,0,0,8025
106,0,0,8003
107,528,101,0
108,501,140,0
109,476,192,0
110,453,195,0
111,431,205,0
112,413,249,0
113,396,267,0
114,380,291,0
115,365,303,0
116,352,316,0
117,340,401,0
118,328,397,0
119,318,393,0
120,308,431,0
121,299,479,0
122,0,479,8021
123,16673,89,0
124,0,0,8035
125,0,0,8035
126,0,0,8035
127,0,0,8003
128,0,0,8035
129,0,0,8035
130,0,0,8035
131,0,0,8003
132,0,0,8035
133,0,0,8035
134,0,0,8035
135,0,0,8003
136,0,0,8035
137,0,0,8035
138,0,0,8035
139,0,0,8003
140,0,0,8035
141,0,0,8035
142,0,0,8035
143,0,0,8003
144,0,0,8035
145,0,0,8035
146,0,0,8035
147,0,0,8035
148,0,0,8035
149,0,0,8035
150,0,0,8035
151,0,0,8003
152,0,0,8035
153,0,0,8035
154,0,0,8035
155,0,0,8035
156,0,0,8003
157,0,0,8035
158,0,0,8035
159,0,0,8035
160,0,0,8035
161,0,0,8035
162,0,0,8003
163,0,0,8035
164,0,0,8035
165,0,0,8035
166,0,0,8035
167,0,0,8003
168,0,0,8035
169,0,0,8035
170,0,0,8035
171,0,0,8035
172,0,0,8035
173,0,0,8035
174,0,0,8035
175,0,0,8035
176,0,0,8035
177,0,0,8003
178,0,0,8035
179,0,0,8035
180,0,0,8035
181,0,0,8035
182,0,0,8035
183,0,0,8035
184,0,0,8003
185,0,0,8035
186,0,0,8035
187,0,0,8035
188,0,0,8035
189,0,0,8035
190,0,0,8035
191,0,0,8003
192,0,0,8035
193,0,0,8035
194,0,0,8021
195,0,0,8035
196,0,0,8035
197,0,0,8035
198,0,0,8035
199,0,0,8003
200,0,0,8035
201,0,0,8035
202,0,0,8035
203,0,0,8035
204,0,0,8003
205,0,0,8035
206,0,0,8035
207,0,0,8035
208,0,0,8035
209,0,0,8003
210,0,0,8035
211,0,0,8035
212,0,0,8035
213,0,0,8035
214,0,0,8003
215,0,0,8035
216,0,0,8035
217,0,0,8035
218,0,0,8035
219,0,0,8003
220,0,0,8035
221,0,0,8035
222,0,0,8035
223,0,0,8035
224,0,0,8003
225,0,0,8035
226,0,0,8035
227,0,0,8035
228,0,0,8035
229,0,0,8003
230,0,0,8035
231,0,0,8035
232,0,0,8035
233,0,0,8035
234,0,0,8003
235,0,0,8035
236,0,0,8035
237,0,0,8035
238,0,0,8035
239,0,0,8003
240,0,0,8035
241,0,0,8035
242,0,0,8035
243,0,0,8003
244,0,0,8035
245,0,0,8035
246,0,0,8035
247,0,0,8035
248,0,0,8003
249,0,0,8035
250,0,0,8035
251,0,0,8035
252,0,0,8035
253,0,0,8003
254,0,0,8035
255,0,0,8035
256,0,0,8035
257,0,0,8035
258,0,0,8003
259,0,0,8035
260,0,0,8035
261,0,0,8035
262,0,0,8035
263,0,0,8003
264,0,0,8035
265,16597,104,0
266,0,0,8035
267,213,520,0
268,212,1354,0
269,212,1418,0
270,212,295,0
271,0,0,8035
272,357,434,0
273,16742,85,0
274,0,0,8035
275,2334,36,0
276,2338,45,0
277,2345,43,0
278,2332,45,0
279,2354,44,0
280,2338,45,0
281,2359,39,0
282,2365,43,0
283,2394,45,0
284,2407,40,0
285,2419,37,0
286,2399,39,0
287,2421,38,0
288,2458,35,0
289,2470,34,0
290,2458,38,0
291,2431,41,0
292,2527,33,0
293,2520,35,0
294,2554,20,0
295,2409,12,0
296,0,0,8035
297,0,0,8035
298,0,0,8035
299,0,0,8035
300,0,0,8003
301,0,0,8035
302,0,0,8035
303,0,0,8035
304,2873,11,0
305,0,0,8003
306,2926,18,0
307,2741,23,0
308,2966,16,0
309,3064,13,0
310,3080,12,0
311,3150,14,0
312,3256,14,0
313,3256,11,0
314,3329,7,0
315,3280,17,0
316,3304,13,0
317,3210,15,0
318,3144,14,0
319,3066,14,0
320,3050,20,0
321,2968,19,0
322,2787,19,0
323,2817,23,0
324,0,0,8035
325,0,0,8035
326,0,0,8035
327,4885,7,0
328,0,0,8003
329,0,0,8035
330,0,0,8035
331,0,0,8035
332,0,0,8035
333,0,0,8035
334,0,0,8003
335,4718,8,0
336,0,0,8035
337,0,0,8035
338,0,0,8021
339,0,0,8035
340,0,0,8035
341,0,0,8035
342,0,0,8003
343,0,0,8035
344,0,0,8035
345,0,0,8035
346,0,0,8003
347,0,0,8035
348,0,0,8035
349,0,0,8035
350,0,0,8003
351,0,0,8035
352,0,0,8035
353,0,0,8035
354,0,0,8003
355,0,0,8035
356,0,0,8035
357,0,0,8035
358,0,0,8003
359,0,0,8035
ROTATION_SPEED,5.14
getldsscan
AngleInDegrees,DistInMM,Intensity,ErrorCodeHEX
0,0,0,8003
1,0,0,8035
2,0,0,8021
3,0,0,8035
4,0,0,8035
5,0,0,8035
6,0,0,8035
7,0,0,8003
8,4283,8,0
9,4335,7,0
10,0,0,8035
11,0,0,8035
12,0,0,8035
13,0,0,8035
14,0,0,8003
15,0,0,8035
16,0,0,8035
17,0,0,8035
18,731,44,0
19,0,0,8003
20,650,173,0
21,641,273,0
22,635,339,0
23,630,358,0
24,628,403,0
25,626,385,0
26,620,373,0
27,621,244,0
28,619,251,0
29,617,258,0
30,615,258,0
31,614,228,0
32,614,235,0
33,615,236,0
34,617,187,0
35,623,132,0
36,763,112,0
37,808,121,0
38,886,64,0
39,1073,75,0
40,2183,26,0
41,2042,337,0
42,2007,327,0
43,1972,304,0
44,1926,381,0
45,1905,382,0
46,0,0,8035
47,1913,45,0
48,1883,49,0
49,1868,51,0
50,1835,53,0
51,1832,20,0
52,1793,58,0
53,1774,26,0
54,1742,30,0
55,1704,13,0
56,1703,28,0
57,1533,8,0
58,0,0,8035
59,1637,52,0
60,0,0,8035
61,0,0,8035
62,0,0,8035
63,0,0,8035
64,0,0,8003
65,0,0,8035
66,0,0,8035
67,1575,8,0
68,0,0,8003
69,1518,58,0
70,1501,71,0
71,1490,100,0
72,1483,110,0
73,1472,112,0
74,1464,111,0
75,1460,120,0
76,1456,117,0
77,1447,98,0
78,1439,80,0
79,1403,10,0
80,1436,118,0
81,1429,135,0
82,1426,126,0
83,0,0,8035
84,1138,18,0
85,0,0,8035
86,0,0,8035
87,1420,42,0
88,0,0,8003
89,1396,13,0
90,0,0,8035
91,0,0,8035
92,0,0,8035
93,0,0,8035
94,0,0,8003
95,0,0,8035
96,0,0,8035
97,248,556,0
98,16632,81,0
99,0,0,8035
100,0,0,8035
101,0,0,8035
102,0,0,8035
103,0,0,8003
104,16591,53,0
105,0,0,8003
106,0,0,8003
107,527,97,0
108,501,131,0
109,475,191,0
110,452,193,0
111,431,207,0
112,412,251,0
113,395,270,0
114,380,298,0
115,365,304,0
116,352,316,0
117,340,406,0
118,329,402,0
119,318,421,0
120,308,429,0
121,299,496,0
122,0,496,8021
123,289,93,0
124,0,0,8035
125,0,0,8035
126,0,0,8035
127,0,0,8035
128,0,0,8003
129,0,0,8035
130,0,0,8035
131,0,0,8035
132,0,0,8035
133,0,0,8003
134,0,0,8035
135,0,0,8035
136,0,0,8035
137,0,0,8035
138,0,0,8003
139,0,0,8035
140,0,0,8035
141,0,0,8035
142,0,0,8035
143,0,0,8003
144,0,0,8035
145,0,0,8035
146,0,0,8035
147,0,0,8035
148,0,0,8035
149,0,0,8035
150,0,0,8035
151,0,0,8035
152,0,0,8003
153,0,0,8035
154,0,0,8035
155,0,0,8035
156,0,0,8035
157,0,0,8035
158,0,0,8003
159,0,0,8035
160,0,0,8035
161,0,0,8035
162,0,0,8035
163,0,0,8035
164,0,0,8003
165,0,0,8035
166,0,0,8035
167,0,0,8035
168,0,0,8035
169,0,0,8035
170,0,0,8035
171,0,0,8035
172,0,0,8035
173,0,0,8035
174,0,0,8035
175,0,0,8035
176,0,0,8035
177,0,0,8003
178,0,0,8035
179,0,0,8035
180,0,0,8035
181,0,0,8035
182,0,0,8035
183,0,0,8035
184,0,0,8003
185,0,0,8035
186,0,0,8035
187,0,0,8035
188,0,0,8035
189,0,0,8035
190,0,0,8035
191,0,0,8003
192,0,0,8035
193,0,0,8035
194,0,0,8021
195,0,0,8035
196,0,0,8035
197,0,0,8035
198,0,0,8035
199,0,0,8003
200,0,0,8035
201,0,0,8035
202,0,0,8035
203,0,0,8035
204,0,0,8003
205,0,0,8035
206,0,0,8035
207,0,0,8035
208,0,0,8035
209,0,0,8003
210,0,0,8035
211,0,0,8035
212,0,0,8035
213,0,0,8035
214,0,0,8003
215,0,0,8035
216,0,0,8035
217,0,0,8035
218,0,0,8035
219,0,0,8035
220,0,0,8035
221,0,0,8035
222,0,0,8003
223,0,0,8035
224,0,0,8035
225,0,0,8035
226,0,0,8035
227,0,0,8003
228,0,0,8035
229,0,0,8035
230,0,0,8035
231,0,0,8035
232,0,0,8003
233,0,0,8035
234,0,0,8035
235,0,0,8035
236,0,0,8035
237,0,0,8035
238,0,0,8003
239,0,0,8035
240,0,0,8035
241,0,0,8035
242,0,0,8003
243,0,0,8003
244,0,0,8035
245,0,0,8035
246,0,0,8035
247,0,0,8035
248,0,0,8003
249,0,0,8035
250,0,0,8035
251,0,0,8035
252,0,0,8035
253,0,0,8035
254,0,0,8003
255,0,0,8035
256,0,0,8035
257,0,0,8035
258,0,0,8035
259,0,0,8003
260,0,0,8035
261,0,0,8035
262,0,0,8035
263,0,0,8035
264,0,0,8003
265,16597,105,0
266,213,218,0
267,213,486,0
268,212,1323,0
269,212,1398,0
270,212,299,0
271,0,0,8035
272,357,409,0
273,16742,83,0
274,0,0,8035
275,2338,36,0
276,2335,42,0
277,2341,43,0
278,2322,44,0
279,2357,42,0
280,2360,46,0
281,2359,40,0
282,2369,39,0
283,2397,44,0
284,2419,40,0
285,2448,44,0
286,2408,38,0
287,2444,38,0
288,2453,33,0
289,2467,36,0
290,2483,35,0
291,2472,37,0
292,2522,32,0
293,2578,34,0
294,2547,21,0
295,2446,10,0
296,0,0,8035
297,0,0,8035
298,0,0,8035
299,0,0,8035
300,0,0,8003
301,0,0,8035
302,0,0,8035
303,0,0,8035
304,2875,12,0
305,0,0,8003
306,2929,17,0
307,2910,16,0
308,2953,19,0
309,3026,15,0
310,3023,13,0
311,2921,15,0
312,3191,13,0
313,3223,12,0
314,0,0,8035
315,3254,13,0
316,3225,12,0
317,0,0,8035
318,3033,14,0
319,3052,14,0
320,2909,18,0
321,2966,15,0
322,2931,20,0
323,2820,22,0
324,0,0,8035
325,0,0,8035
326,0,0,8035
327,0,0,8035
328,0,0,8003
329,0,0,8035
330,4859,7,0
331,0,0,8035
332,0,0,8035
333,4802,10,0
334,0,0,8035
335,4609,9,0
336,0,0,8035
337,0,0,8035
338,0,0,8021
339,0,0,8035
340,0,0,8035
341,0,0,8035
342,0,0,8003
343,0,0,8035
344,0,0,8035
345,0,0,8035
346,0,0,8003
347,0,0,8035
348,0,0,8035
349,0,0,8035
350,0,0,8003
351,0,0,8035
352,0,0,8035
353,0,0,8035
354,0,0,8003
355,0,0,8035
356,0,0,8035
357,0,0,8035
358,0,0,8003
359,0,0,8035
ROTATION_SPEED,5.14


